0 122
0 21.0
0 503
1 122
1 21.1
1 512
2 120
2 20.4
2 501
3 121
3 20.4
3 501
4 121
4 20.4
4 501
5 121
5 21.3
5 501
6 121
6 21.2
6 501
7 121
7 20.3
7 501
8 121
8 20.5
8 504
9 21.3
9 501
10 121
10 20.4
10 500
11 121
11 20.6
11 501
12 121
12 21.5
12 510
13 121
13 21.5
13 502
14 123
14 20.5
14 502
15 121
15 21.3
15 501
16 123
16 21.2
16 501
17 122
17 27.3
17 501
18 120
18 20.6
18 506
19 122
19 22.5
19 501
20 121
20 20.9
20 501
21 122
21 20.5
21 502
22 121
22 20.6
23 120
23 21.1
23 502
24 120
24 21.3
24 501
25 121
25 20.7
26 124
26 21.4
26 502
27 120
27 20.7
27 507
28 120
28 501
29 124
29 22.2
29 501
30 121
30 21.4
30 501
31 121
31 20.4
31 501
32 123
32 21.7
32 501
33 120
33 24.9
33 506
34 21.1
34 502
35 122
35 20.8
35 500
36 121
36 22.8
36 501
37 128
37 22.5
37 501
38 123
38 22.9
38 501
39 122
39 21.7
39 501
40 123
40 20.8
40 503
41 121
41 31.1
41 505
42 123
42 21.4
42 502
43 131
43 20.3
44 121
44 21.7
44 510
45 120
45 21.9
45 502
46 123
46 20.6
47 121
47 20.6
47 502
48 120
48 29.4
48 512
49 121
49 20.7
49 501
50 121
50 21.4
51 125
51 23.3
52 121
52 26.8
52 503
53 121
53 20.6
53 510
54 123
54 20.4
54 503
55 121
55 24.0
55 501
56 121
56 21.4
57 123
57 22.2
57 502
58 120
58 21.3
58 503
59 124
59 21.1
59 502
60 121
60 22.0
60 500
61 122
61 20.8
61 502
62 120
62 27.6
62 506
63 121
63 20.5
63 502
64 136
64 20.7
64 512
65 20.9
65 503
66 120
66 26.2
66 501
67 122
67 27.5
67 506
68 127
68 22.7
68 502
69 122
69 21.5
69 503
70 122
70 20.5
70 503
71 121
71 20.6
71 500
72 121
72 24.5
72 501
73 124
73 21.4
73 501
74 121
74 21.3
74 501
75 126
75 21.5
75 501
76 121
76 23.4
77 121
77 20.5
78 120
78 23.4
78 503
79 122
79 21.4
79 501
80 122
80 21.5
80 501
81 120
81 21.3
81 501
82 125
82 20.7
82 502
83 121
83 22.7
83 502
84 121
84 21.4
84 501
85 121
85 21.4
86 121
86 21.5
86 501
87 122
87 24.8
87 501
88 121
88 21.3
88 504
89 122
89 20.7
89 501
90 124
90 22.2
90 501
91 123
91 21.6
91 503
92 121
92 21.2
92 502
93 122
93 21.5
93 502
94 121
94 21.4
94 501
95 121
95 20.4
95 501
96 121
96 501
97 120
97 22.8
97 500
98 122
98 20.4
98 503
99 122
99 21.5
99 501
100 120
100 21.4
100 501
101 120
101 20.4
101 501
102 121
102 20.6
102 502
103 120
103 21.7
103 501
104 125
104 21.5
104 501
105 20.9
106 122
106 20.8
107 121
107 22.0
107 501
108 121
108 21.2
108 502
109 124
109 21.5
109 500
110 121
110 22.0
110 501
111 122
111 21.3
111 518
112 20.7
112 502
113 120
113 22.3
113 508
114 121
114 21.9
114 501
115 121
115 20.6
115 501
116 128
116 21.3
116 502
117 121
117 21.2
118 122
118 20.7
119 121
119 20.5
119 501
120 120
120 21.2
120 501
121 120
121 21.1
121 501
122 120
122 21.6
122 501
123 20.5
124 122
124 21.5
124 502
125 123
125 20.5
125 501
126 121
126 21.5
126 505
127 121
127 21.8
127 501
128 20.9
129 121
129 20.9
129 505
130 120
130 20.6
130 501
131 121
131 20.7
131 501
132 20.5
132 501
133 121
133 20.3
133 503
134 120
134 20.8
134 501
135 121
135 20.5
135 501
136 120
136 20.4
136 501
137 120
137 21.4
137 502
138 121
138 20.5
138 502
139 120
139 20.9
139 501
140 121
140 35.1
140 501
141 120
141 21.2
141 502
142 121
142 20.4
142 501
143 122
143 37.1
143 501
144 120
144 20.5
144 501
145 120
145 20.7
145 502
146 130
146 20.5
146 501
147 121
147 21.3
147 501
148 121
148 21.3
148 500
149 122
149 21.5
149 502
150 120
150 20.6
150 502
151 121
151 21.4
151 501
152 120
152 20.7
152 502
153 21.3
153 501
154 120
154 24.5
154 501
155 120
155 21.5
155 501
156 121
156 21.4
156 501
157 122
157 21.6
157 500
158 121
158 21.2
158 501
159 34.3
160 121
160 20.7
160 500
161 120
161 20.7
161 501
162 120
162 25.2
162 501
163 121
163 20.4
163 500
164 121
164 20.3
164 501
165 121
165 20.5
166 122
166 20.3
166 501
167 120
167 29.2
167 501
168 121
168 21.6
168 501
169 21.1
169 500
170 26.7
170 501
171 121
171 20.5
172 131
172 20.6
173 121
173 25.3
173 502
174 121
174 20.5
174 501
175 121
175 29.9
176 120
176 20.4
176 501
177 20.3
177 501
178 121
178 23.9
178 501
179 121
179 20.5
179 501
180 121
180 20.5
180 501
181 121
181 20.8
181 501
182 127
182 21.0
183 120
183 21.5
183 500
184 120
184 20.7
184 501
185 122
185 21.5
185 502
186 128
186 34.5
186 500
187 121
187 20.5
187 501
188 121
188 21.4
188 501
189 120
189 20.9
189 501
190 121
190 21.0
190 501
191 120
191 22.2
191 501
192 121
192 20.4
192 501
193 121
193 20.4
193 502
194 121
194 21.3
194 501
195 121
195 20.6
195 502
196 121
196 20.3
196 501
197 121
197 21.3
197 501
198 121
198 22.0
198 501
199 120
199 501
200 127
200 20.6
201 122
201 20.8
201 502
202 120
202 20.4
202 501
203 121
203 20.6
203 501
204 120
204 20.3
204 501
205 131
205 20.5
205 508
206 120
206 21.1
206 500
207 121
207 21.6
207 502
208 130
208 21.4
209 121
209 23.4
209 501
210 121
210 21.2
210 501
211 120
211 21.4
211 501
212 121
212 20.5
212 501
213 126
213 23.0
213 501
214 126
214 20.5
214 500
215 121
215 20.4
216 128
216 20.7
216 502
217 121
217 20.3
217 501
218 121
218 20.3
218 501
219 132
219 20.3
219 501
220 120
220 20.4
220 501
221 122
221 29.5
221 501
222 121
222 20.5
222 501
223 121
223 20.4
223 501
224 121
224 35.3
224 501
225 121
225 21.1
225 501
226 120
226 21.4
226 501
227 120
227 20.3
227 501
228 123
228 20.8
228 501
229 120
229 20.5
229 501
230 120
230 20.4
230 505
231 122
231 22.5
231 501
232 121
232 20.8
233 121
233 21.3
233 501
234 121
234 20.5
234 501
235 122
235 21.1
235 501
236 21.4
236 500
237 120
237 20.7
237 501
238 123
238 20.4
238 504
239 123
239 20.4
239 500
240 120
240 33.2
240 503
241 121
241 20.5
241 502
242 121
242 20.3
242 502
243 133
243 26.3
243 502
244 121
244 21.4
244 501
245 121
245 21.8
246 123
246 21.4
246 501
247 120
247 20.3
247 500
248 120
248 26.5
248 501
249 121
249 21.2
249 502
250 121
250 21.3
250 501
251 121
251 40.1
251 501
252 123
252 21.4
252 501
253 120
253 20.4
253 515
254 121
254 21.7
254 501
255 121
255 22.2
255 501
256 121
256 20.8
256 510
257 126
257 20.3
257 501
258 121
258 20.8
258 501
259 126
259 20.8
259 501
260 129
260 20.5
260 501
261 122
261 21.6
261 502
262 121
262 20.6
262 500
263 121
263 21.2
263 501
264 122
264 21.7
264 502
265 126
265 29.2
265 501
266 121
266 21.0
266 502
267 123
267 27.7
267 501
268 122
268 20.4
268 502
269 122
269 20.8
269 501
270 120
270 25.3
271 121
271 20.5
271 501
272 125
272 20.6
272 501
273 122
273 25.5
273 501
274 120
274 20.8
274 501
275 28.3
275 502
276 138
276 21.8
276 501
277 122
277 21.3
277 501
278 120
278 20.5
279 121
279 21.4
279 501
280 20.3
280 502
281 121
281 20.4
281 501
282 128
282 21.5
282 501
283 121
283 20.5
283 502
284 138
284 20.5
284 501
285 120
285 28.1
286 120
286 20.7
286 501
287 122
287 20.4
287 502
288 121
288 21.3
288 502
289 127
289 20.4
289 501
290 121
290 21.5
290 509
291 121
291 20.5
291 501
292 121
292 20.5
292 501
293 121
293 20.5
294 120
294 21.1
294 501
295 121
295 28.3
295 501
296 121
296 20.9
296 501
297 121
297 20.4
298 121
298 21.5
298 501
299 120
299 20.5
299 501
300 120
300 20.5
300 501
301 122
301 20.5
301 502
302 120
302 20.8
302 508
303 122
303 20.6
303 501
304 128
304 20.5
304 501
305 121
