0 121
0 21.6
0 501
1 121
1 20.7
1 501
2 121
2 20.8
2 501
3 122
3 20.5
3 505
4 120
4 21.4
4 501
5 121
5 21.1
5 501
6 120
6 20.4
6 500
7 121
7 21.3
7 501
8 122
8 21.2
8 501
9 127
9 20.6
9 501
10 20.4
10 501
11 21.6
11 501
12 121
12 21.8
12 503
13 20.5
13 501
14 121
14 20.4
14 501
15 121
15 20.4
15 506
16 21.4
16 501
17 121
17 21.2
17 501
18 121
18 20.7
18 501
19 121
19 21.2
19 502
20 121
20 20.5
21 120
21 21.3
21 502
22 132
22 22.3
22 509
23 120
23 20.7
23 501
24 122
24 21.0
24 501
25 121
25 21.2
25 501
26 121
26 21.1
26 501
27 121
27 21.4
27 501
28 120
28 20.9
28 507
29 122
29 20.5
30 121
30 21.0
30 501
31 121
31 21.6
31 501
32 122
32 20.5
32 504
33 128
33 21.1
33 501
34 120
34 21.7
34 505
35 121
35 26.2
36 128
36 20.7
37 121
37 27.1
37 509
38 23.5
38 503
39 131
39 24.4
39 501
40 22.0
40 502
41 121
41 21.4
41 505
42 22.8
42 502
43 123
43 22.4
43 502
44 121
44 21.3
44 506
45 21.2
45 503
46 121
46 25.7
46 502
47 122
47 21.2
47 502
48 123
48 20.9
48 512
49 124
49 20.3
50 120
50 22.5
50 503
51 138
51 21.3
51 504
52 122
52 24.3
52 501
53 121
53 21.8
53 502
54 122
54 21.0
54 501
55 121
55 22.1
55 501
56 121
56 21.4
56 512
57 133
57 21.6
57 503
58 121
58 20.6
58 501
59 121
59 20.4
59 502
60 124
60 22.3
60 502
61 122
61 25.4
61 501
62 121
62 501
63 125
63 21.8
63 501
64 121
64 21.2
65 121
65 30.8
65 501
66 124
66 21.4
67 28.3
67 501
68 122
68 21.6
68 500
69 135
69 29.7
69 502
70 120
70 23.2
71 120
71 30.2
71 506
72 120
72 21.3
72 501
73 121
73 22.1
73 502
74 120
74 21.2
74 501
75 122
75 21.4
76 21.6
76 506
77 121
77 26.2
77 505
78 121
78 20.7
78 505
79 121
79 21.0
80 120
80 22.5
80 501
81 121
81 21.5
81 502
82 121
82 20.6
82 506
83 121
83 24.6
83 501
84 121
84 20.5
84 501
85 121
85 23.5
85 501
86 120
86 21.0
86 502
87 126
87 30.8
87 511
88 120
88 20.5
88 501
89 120
89 20.7
90 121
90 21.4
90 501
91 121
91 21.3
91 501
92 124
92 26.1
93 121
93 21.7
93 501
94 123
94 21.2
94 500
95 121
95 21.4
95 501
96 120
96 21.4
96 501
97 121
97 27.9
97 501
98 121
98 21.6
98 501
99 126
99 21.6
99 501
100 122
100 21.6
100 502
101 121
101 21.0
101 504
102 121
102 22.4
103 121
103 21.4
103 504
104 121
104 21.3
104 501
105 122
105 21.5
105 502
106 121
106 23.9
106 501
107 121
107 24.3
107 503
108 121
108 20.4
108 502
109 121
109 23.9
109 502
110 121
110 21.5
110 501
111 122
111 21.6
111 516
112 121
112 21.5
112 502
113 121
113 24.5
113 507
114 128
114 21.6
114 501
115 23.2
115 501
116 120
116 21.2
116 502
117 122
117 21.1
117 501
118 121
118 21.0
118 501
119 120
120 122
120 21.1
120 501
121 121
121 20.5
121 501
122 128
122 20.9
122 500
123 120
123 21.0
123 501
124 120
124 21.8
124 501
125 126
125 20.4
125 501
126 120
126 21.4
127 120
127 21.8
127 502
128 121
128 21.6
128 501
129 123
129 20.9
129 501
130 121
130 20.6
130 501
131 20.8
131 509
132 121
132 20.4
132 501
133 121
133 21.6
133 506
134 120
134 21.1
134 502
135 21.3
135 500
136 122
136 21.4
136 500
137 121
137 21.3
137 508
138 121
138 21.4
138 502
139 122
139 20.8
139 500
140 121
140 20.6
140 501
141 120
141 20.9
141 501
142 21.6
142 501
143 121
143 20.4
143 502
144 121
144 21.4
144 501
145 129
145 20.7
145 501
146 121
146 21.3
146 512
147 121
147 20.4
147 502
148 121
148 20.5
148 501
149 121
149 20.5
149 501
150 131
150 21.0
150 502
151 120
151 20.5
151 501
152 123
152 21.2
152 502
153 120
153 20.7
153 502
154 21.3
154 501
155 121
155 21.1
155 501
156 121
156 21.1
156 501
157 120
157 20.6
157 501
158 121
158 23.8
158 501
159 20.3
159 501
160 121
160 20.8
160 500
161 121
161 27.0
161 500
162 129
162 21.3
162 501
163 122
163 21.0
163 502
164 122
164 21.0
164 501
165 120
165 21.3
165 501
166 121
166 20.4
166 501
167 127
167 21.3
168 121
168 20.8
168 507
169 120
169 26.2
170 136
170 21.8
170 501
171 121
171 20.3
171 500
172 120
172 28.5
172 501
173 121
173 20.3
173 500
174 121
174 24.9
174 501
175 131
175 21.6
175 500
176 120
176 22.9
176 505
177 31.3
177 500
178 20.6
178 501
179 21.5
179 500
180 121
180 25.0
180 501
181 133
181 20.5
181 500
182 121
182 21.9
182 502
183 120
183 27.7
183 502
184 121
184 20.3
184 507
185 121
185 21.7
185 501
186 121
186 20.6
186 501
187 124
187 23.8
187 501
188 121
188 20.7
188 501
189 121
189 28.5
189 506
190 124
190 20.7
190 501
191 121
191 20.7
191 501
192 127
192 27.7
192 501
193 121
193 20.4
193 514
194 120
194 21.3
195 120
195 20.4
195 501
196 121
196 20.6
196 501
197 20.5
197 501
198 120
198 20.9
198 513
199 121
199 20.9
199 501
200 135
200 20.8
200 501
201 120
201 21.5
201 506
202 120
202 20.6
202 501
203 121
203 20.6
203 501
204 120
204 21.4
204 501
205 129
205 20.4
205 501
206 121
206 20.6
206 501
207 121
207 21.0
207 501
208 121
208 21.1
208 501
209 26.0
209 501
210 121
210 20.3
210 501
211 121
211 20.3
211 501
212 129
212 20.4
212 500
213 121
213 20.5
213 504
214 120
214 21.2
214 501
215 120
215 20.5
215 516
216 123
216 20.5
216 500
217 121
217 23.1
217 501
218 20.4
218 502
219 121
219 20.6
219 501
220 127
220 501
221 121
221 20.5
221 502
222 129
222 20.3
222 501
223 120
223 20.6
223 501
224 121
224 20.8
224 501
225 121
225 20.4
225 501
226 121
226 20.6
226 500
227 120
227 21.5
227 501
228 121
228 20.8
228 501
229 121
229 26.0
230 121
230 20.5
230 501
231 120
231 20.5
231 501
232 124
232 20.9
232 502
233 121
233 21.0
233 501
234 21.4
234 500
235 122
235 21.0
235 501
236 121
236 500
237 121
237 20.5
237 501
238 121
238 20.5
238 501
239 121
239 21.4
239 501
240 121
240 21.1
240 512
241 120
241 29.0
242 121
242 21.2
242 502
243 121
243 20.6
243 502
244 121
244 21.5
244 502
245 121
245 21.4
245 502
246 121
246 20.3
246 503
247 120
247 20.9
247 501
248 121
248 20.5
248 501
249 120
249 23.4
250 121
250 20.4
250 506
251 122
251 21.3
251 501
252 121
252 20.7
252 515
253 120
253 20.5
253 502
254 121
254 20.6
254 501
255 120
255 20.8
255 511
256 121
256 20.9
256 500
257 120
257 21.3
257 501
258 501
259 127
259 21.1
259 501
260 120
260 20.6
260 506
261 121
261 21.6
261 500
262 130
262 21.8
262 501
263 121
263 21.4
263 501
264 121
264 20.6
264 502
265 123
265 27.5
265 509
266 121
266 21.2
266 501
267 127
267 21.4
267 501
268 121
268 20.9
268 501
269 121
269 21.2
269 501
270 121
270 28.9
270 501
271 121
271 20.3
271 502
272 126
272 20.8
272 501
273 121
274 120
274 26.9
274 503
275 127
275 21.0
275 501
276 120
276 25.6
276 503
277 20.8
277 501
278 121
278 20.4
278 501
279 121
279 21.4
279 502
280 121
280 21.4
280 501
281 120
281 20.4
282 121
282 20.4
283 127
283 25.4
283 502
284 121
284 21.2
284 502
285 121
285 21.1
285 502
286 121
286 30.1
286 502
287 124
287 21.2
287 501
288 121
288 20.7
289 121
289 21.4
289 500
290 121
290 20.7
290 512
291 131
291 26.4
291 500
292 121
292 21.4
292 501
293 122
293 20.5
294 121
294 21.4
294 501
295 22.3
295 500
296 128
296 29.6
296 502
297 121
297 20.5
297 503
298 121
298 22.4
298 502
299 132
299 21.1
299 502
300 120
300 21.5
300 501
301 128
301 21.5
301 502
302 121
302 20.9
302 501
303 121
303 24.6
303 501
304 140
304 20.4
304 501
305 120
