0 120
0 21.7
0 502
1 120
1 22.1
1 501
2 121
2 20.6
2 501
3 121
3 21.9
3 501
4 120
4 20.6
4 501
5 120
5 21.4
5 501
6 121
6 20.3
6 501
7 120
7 21.4
8 20.5
8 501
9 121
9 20.7
9 501
10 121
10 20.4
10 501
11 20.7
11 501
12 120
12 21.2
13 120
13 20.7
13 502
14 121
14 20.6
14 503
15 120
15 21.3
15 501
16 120
16 21.1
16 507
17 123
17 20.4
17 501
18 121
18 20.6
18 513
19 121
19 22.6
19 500
20 121
20 21.2
20 502
21 20.7
21 508
22 121
22 20.6
22 502
23 120
23 20.4
23 501
24 120
24 20.7
24 501
25 121
25 20.8
25 501
26 122
26 21.8
26 501
27 121
27 20.8
27 502
28 121
28 20.4
28 500
29 125
29 20.3
29 501
30 121
30 21.4
30 501
31 120
31 21.0
31 500
32 124
32 23.0
32 504
33 121
33 21.5
33 501
34 25.0
34 505
35 121
35 20.6
35 501
36 121
36 22.6
36 504
37 123
37 22.1
37 501
38 121
38 23.9
39 131
39 23.2
39 501
40 121
40 20.4
41 120
41 20.7
42 121
42 21.3
42 504
43 20.5
44 122
44 22.2
44 501
45 123
45 23.4
45 501
46 120
46 20.4
46 501
47 137
47 21.2
47 501
48 123
48 21.1
49 128
49 21.4
49 504
50 123
50 22.4
50 501
51 121
51 21.2
51 502
52 122
52 27.6
52 503
53 120
53 21.1
53 513
54 120
54 20.9
54 501
55 121
55 22.1
55 501
56 137
56 21.3
56 501
57 121
57 21.5
57 502
58 121
58 20.5
58 501
59 121
59 20.9
59 512
60 127
60 22.5
60 503
61 121
61 22.3
61 503
62 121
62 30.0
62 514
63 121
63 21.1
63 501
64 121
64 501
65 123
65 20.8
65 505
66 22.9
66 501
67 124
67 24.5
67 501
68 122
68 21.3
68 502
69 131
69 20.8
69 503
70 121
70 28.1
70 501
71 121
71 20.5
71 501
72 121
72 24.5
72 501
73 120
73 21.2
74 139
74 21.2
74 501
75 121
75 21.3
75 502
76 123
76 36.0
76 501
77 122
77 20.4
77 502
78 122
78 23.9
78 501
79 122
79 21.5
79 510
80 120
80 21.7
80 501
81 121
81 21.4
81 504
82 121
82 20.8
82 502
83 121
83 22.6
84 121
84 21.0
84 501
85 122
85 21.2
85 504
86 123
86 21.6
86 501
87 126
87 24.7
87 502
88 120
88 21.3
88 505
89 120
89 33.6
89 501
90 121
90 21.4
90 501
91 121
91 20.8
91 501
92 127
92 21.5
92 501
93 122
93 21.5
93 501
94 120
94 20.5
94 504
95 120
95 20.8
95 502
96 120
96 21.6
97 123
97 22.0
97 502
98 121
98 23.5
99 121
99 21.7
100 120
100 20.9
100 501
101 122
101 21.1
101 501
102 121
102 21.1
103 122
103 20.7
103 501
104 120
104 23.3
104 502
105 121
105 21.5
106 121
106 501
107 120
107 21.5
107 501
108 121
108 22.6
108 506
109 121
109 21.7
109 501
110 131
110 21.4
110 502
111 121
111 21.3
111 501
112 125
112 21.0
112 503
113 121
113 22.3
113 503
114 122
114 21.3
115 121
115 22.8
115 501
116 129
116 20.5
116 502
117 121
117 21.5
117 500
118 20.4
118 501
119 125
119 21.3
119 501
120 120
120 20.9
120 501
121 133
121 20.4
121 501
122 121
122 20.3
122 501
123 122
123 20.3
123 500
124 133
124 20.5
124 502
125 121
125 21.3
125 500
126 121
126 20.8
126 501
127 120
127 20.9
127 501
128 121
128 20.6
128 501
129 121
129 21.0
129 500
130 120
130 21.6
130 508
131 121
131 21.4
131 501
132 121
132 20.5
132 500
133 20.5
133 502
134 121
134 20.7
134 509
135 121
135 21.0
135 501
136 120
136 20.6
136 501
137 120
137 21.3
137 501
138 121
138 21.2
138 506
139 129
139 21.3
140 121
140 20.3
141 122
141 20.8
141 500
142 120
142 23.4
142 501
143 121
143 21.1
143 504
144 125
144 21.2
144 501
145 120
145 25.2
145 521
146 121
146 23.4
146 501
147 131
147 21.0
147 501
148 121
148 20.8
148 500
149 126
149 20.4
149 500
150 21.3
150 502
151 128
151 20.4
151 501
152 121
152 21.4
152 501
153 121
153 21.2
153 501
154 120
154 21.3
154 502
155 121
155 20.5
155 501
156 120
156 20.4
156 502
157 121
157 21.0
157 506
158 121
158 25.3
158 501
159 120
159 20.5
160 120
160 20.9
160 500
161 123
161 29.8
161 502
162 121
162 21.3
162 503
163 120
163 20.5
163 501
164 126
164 20.9
164 501
165 121
165 20.9
165 501
166 121
166 21.2
166 501
167 120
167 21.2
167 501
168 120
168 21.5
168 507
169 120
169 28.1
169 500
170 20.8
170 502
171 121
171 20.6
171 501
172 121
172 28.1
172 503
173 121
173 20.6
173 502
174 120
174 26.4
174 501
175 132
175 20.5
175 501
176 121
176 24.5
176 501
177 120
177 31.6
177 501
178 120
178 21.4
178 501
179 121
179 21.9
179 501
180 122
180 27.3
180 502
181 120
181 20.4
181 501
182 121
182 20.4
182 501
183 121
183 21.1
183 502
184 121
184 21.7
184 501
185 124
185 21.7
185 501
186 121
186 20.5
186 501
187 122
187 29.5
187 502
188 123
188 21.1
188 501
189 120
189 23.4
189 506
190 123
190 20.6
191 121
191 21.5
191 502
192 126
192 21.2
192 502
193 121
193 20.5
193 501
194 120
194 20.4
194 501
195 21.3
195 501
196 121
196 122
196 20.4
196 502
197 123
197 20.9
197 501
198 121
198 20.8
198 505
199 121
199 21.8
199 501
200 21.3
201 120
201 128
201 21.9
201 503
202 121
202 20.5
202 501
203 122
203 20.9
203 500
204 121
204 20.3
204 500
205 21.3
205 501
206 121
206 132
206 20.3
206 501
207 120
207 20.7
207 502
208 20.4
208 501
209 130
209 27.8
210 121
210 20.5
211 120
211 20.6
211 500
212 121
212 20.6
212 501
213 121
213 20.6
213 501
214 124
214 20.9
214 501
215 121
215 20.9
215 500
216 121
216 20.5
216 520
217 121
217 22.3
217 501
218 121
218 20.4
218 501
219 121
219 20.4
219 501
220 120
220 20.8
220 501
221 120
221 21.2
221 501
222 125
222 20.5
222 502
223 121
223 20.9
223 500
224 125
224 21.7
224 500
225 121
225 20.6
225 501
226 120
226 20.5
226 501
227 121
227 21.8
227 500
228 122
228 20.7
229 126
229 26.2
229 503
230 120
230 20.6
230 500
231 120
231 21.1
232 120
232 21.5
232 500
233 121
233 21.3
233 501
234 21.7
234 502
235 120
235 20.5
235 501
236 121
236 20.3
236 501
237 120
237 22.0
237 501
238 125
238 21.5
238 502
239 121
239 20.3
239 502
240 121
240 20.6
240 504
241 123
241 27.7
241 501
242 121
242 21.1
242 500
243 20.9
244 121
244 500
245 127
245 27.9
245 501
246 120
246 21.2
246 501
247 126
247 21.4
248 122
248 32.4
248 501
249 21.3
249 501
250 121
250 20.5
250 501
251 131
251 20.9
251 501
252 121
252 32.8
252 501
253 121
253 20.4
253 501
254 121
254 21.4
254 506
255 121
255 20.5
255 501
256 123
256 21.2
256 502
257 121
257 21.2
257 511
258 121
258 20.5
258 501
259 122
259 21.5
259 501
260 121
260 27.9
260 501
261 121
261 20.7
261 500
262 121
262 21.8
262 509
263 120
263 28.8
263 503
264 20.8
264 501
265 121
265 22.2
265 500
266 124
266 20.9
266 501
267 121
267 20.7
268 127
268 36.0
268 502
269 133
269 20.9
270 21.2
270 501
271 121
271 21.5
271 501
272 121
272 20.4
272 501
273 123
273 21.5
273 501
274 132
274 20.9
274 505
275 122
275 22.0
275 500
276 129
276 34.4
276 501
277 121
277 21.0
277 500
278 121
278 21.5
278 501
279 121
279 20.5
279 501
280 121
280 23.7
280 502
281 20.8
281 501
282 121
282 20.6
282 501
283 120
283 20.3
283 502
284 122
284 20.5
284 501
285 121
285 21.3
285 502
286 128
286 20.5
286 500
287 121
287 21.6
287 501
288 121
288 21.7
288 501
289 131
289 21.4
289 501
290 120
290 21.5
290 501
291 121
291 20.8
291 501
292 121
292 21.5
292 501
293 121
293 21.4
293 502
294 20.6
294 502
295 123
295 25.4
296 120
296 32.1
296 501
297 120
297 21.3
297 501
298 121
298 21.4
298 501
299 121
299 21.2
299 501
300 122
300 21.2
300 501
301 122
301 21.1
301 501
302 120
302 20.6
302 501
303 125
303 27.9
303 501
304 120
304 20.5
304 501
305 121
